2432
1
1
[Player]
assets/Player.png
35
-180
1
1
64
0
0.9965
0
312
392
64
64
Player
0
0
0
0
0
56
11
[Boss]
assets/Boss.png
5
0
1
1
128
2
0
1.805
256
11
128
128
Boss
0
0
0
4
[Turret3]
assets/Turret_3.png
5
-30.1327
1
1
64
2
0
1.805
128
75
64
64
Turret
0
0
0
58
[Turret2]
assets/Turret_2.png
5
-20.7341
1
1
64
2
0
1.805
192
75
64
64
Turret
0
0
0
113
[Turret4]
assets/Turret_4A.png
5
12.7965
1
1
64
2
0
1.805
384
75
64
64
Turret
0
0
0
36
[Turret1]
assets/Turret_1.png
5
23.2204
1
1
64
2
0
1.805
448
75
64
64
Turret
0
0
0
59
[Bullet]
assets/Lightning.png
1
125.15
1
1
96
3
0
0
281.281
316.329
32
32
Bullet
1
64
0
1
0
2
43476
0
[Bullet]
assets/PlayerMissile.png
1
273.334
1
1
32
3
0
0
245.919
184.056
32
32
Bullet
0
0
0
0
1
1
42376
1
[Bullet]
assets/EnemyBullet3.png
1
79.6315
1
1
96
3
0
0
234.936
287.012
32
32
Bullet
1
0
0
1
0
1
43476
0
[Bullet]
assets/EnemyBullet3.png
1
84.9523
1
1
96
3
0
0
248.102
289.291
32
32
Bullet
1
0
0
1
0
1
43476
0
[Smoke]
assets/smoke.png
1
360
0
1
32
0
0
0
228.31
323.125
32
32
Smoke
0
0
0
1
19
-0.265929
-0.963993
[Smoke]
assets/smoke.png
1
359.166
1
1
32
0
0
0
257.462
171.003
32
32
Smoke
0
0
0
1
19
-0.00913204
-0.999958
[Bullet]
assets/EnemyBullet3.png
1
131.483
1
1
96
3
0
0
370.703
230.609
32
32
Bullet
1
64
0
1
0
1
43476
0
[Smoke]
assets/smoke.png
1
360
1
1
32
0
0
0
229.374
236.981
32
32
Smoke
0
0
0
5
35
-0.265929
-0.963993
[Smoke]
assets/smoke.png
1
360
1
1
32
0
0
0
229.374
311.981
32
32
Smoke
0
0
0
5
35
-0.265929
-0.963993
[Smoke]
assets/smoke.png
1
359.166
1
1
32
0
0
0
257.471
161.002
32
32
Smoke
0
0
0
6
39
-0.00980345
-0.999952
[Smoke]
assets/smoke.png
1
360
1
1
32
0
0
0
230.703
226.801
32
32
Smoke
0
0
0
10
55
-0.265929
-0.963993
[Smoke]
assets/smoke.png
1
360
1
1
32
0
0
0
230.703
301.801
32
32
Smoke
0
0
0
10
55
-0.265929
-0.963993
[Smoke]
assets/smoke.png
1
359.166
1
1
32
0
0
0
257.481
151.003
32
32
Smoke
0
0
0
11
59
-0.0105814
-0.999944
[Smoke]
assets/smoke.png
1
360
1
1
32
0
0
0
232.033
216.62
32
32
Smoke
0
0
0
15
75
-0.265929
-0.963993
[Smoke]
assets/smoke.png
1
360
1
1
32
0
0
0
232.033
291.62
32
32
Smoke
0
0
0
15
75
-0.265929
-0.963993
[Smoke]
assets/smoke.png
1
359.166
1
1
32
0
0
0
257.494
141.003
32
32
Smoke
0
0
0
16
79
-0.0114935
-0.999934
[Smoke]
assets/smoke.png
1
360
1
1
32
0
0
0
233.363
206.44
32
32
Smoke
0
0
0
20
95
-0.265929
-0.963993
[Smoke]
assets/smoke.png
1
360
1
1
32
0
0
0
233.363
281.44
32
32
Smoke
0
0
0
20
95
-0.265929
-0.963993
[Smoke]
assets/smoke.png
1
359.166
1
1
32
0
0
0
257.51
131.003
32
32
Smoke
0
0
0
21
99
-0.0125776
-0.999921
[Smoke]
assets/smoke.png
1
363.334
1
1
32
0
0
0
245.915
195.052
32
32
Smoke
0
0
0
25
115
0.0547124
-0.998502
[Smoke]
assets/smoke.png
1
360
1
1
32
0
0
0
234.692
271.26
32
32
Smoke
0
0
0
25
115
-0.265929
-0.963993
[Smoke]
assets/smoke.png
1
359.166
1
1
32
0
0
0
256.763
121.001
32
32
Smoke
0
0
0
26
119
-0.00694428
-0.999976
[Smoke]
assets/smoke.png
1
363.334
1
1
32
0
0
0
246.615
185.043
32
32
Smoke
0
0
0
30
135
0.0538433
-0.998549
[Smoke]
assets/smoke.png
1
360
1
1
32
0
0
0
236.022
261.08
32
32
Smoke
0
0
0
30
135
-0.265929
-0.963993
[Smoke]
assets/smoke.png
1
363.334
1
1
32
0
0
0
246.453
175.042
32
32
Smoke
0
0
0
35
155
0.0581027
-0.998311
[Smoke]
assets/smoke.png
1
360
1
1
32
0
0
0
237.352
250.9
32
32
Smoke
0
0
0
35
155
-0.265929
-0.963993
[Smoke]
assets/smoke.png
1
363.334
1
1
32
0
0
0
247.147
165.033
32
32
Smoke
0
0
0
40
175
0.0573766
-0.998353
[Smoke]
assets/smoke.png
1
360
1
1
32
0
0
0
238.681
240.72
32
32
Smoke
0
0
0
40
175
-0.265929
-0.963993
[Smoke]
assets/smoke.png
1
363.334
1
1
32
0
0
0
247.848
155.024
32
32
Smoke
0
0
0
45
195
0.0565133
-0.998402
[Smoke]
assets/smoke.png
1
360
1
1
32
0
0
0
240.011
230.54
32
32
Smoke
0
0
0
45
195
-0.265929
-0.963993
[Smoke]
assets/smoke.png
1
363.334
1
1
32
0
0
0
248.555
145.015
32
32
Smoke
0
0
0
50
215
0.05547
-0.99846
[Smoke]
assets/smoke.png
1
363.334
1
1
32
0
0
0
244.547
220.015
32
32
Smoke
0
0
0
50
215
0.0547124
-0.998502
[Smoke]
assets/smoke.png
1
363.334
1
1
32
0
0
0
245.269
210.007
32
32
Smoke
0
0
0
55
235
0.0538433
-0.998549
END